NiuGuWang_self_down_8.jpg 21 235 259 317 0 576 359 706 406 1
DaZhiHui_grail_down_4.jpg 25 277 379 364 0 835 286 979 330 1 836 375 978 423 2
DongFangCaiFu_self_down_2.jpg 11 336 358 468 0 1209 457 1440 543 1 858 461 1088 539 2
TongHuaShun_grail_up_6.jpg 23 398 374 507 0 1244 379 1440 484 2 1201 511 1440 617 1
XueQiu_grail_up_3.jpg 40 252 409 342 0 536 419 704 461 1 539 363 683 406 2
NiuGuWang_grail_down_2.jpg 19 234 302 317 0 867 357 1059 404 2
TengXunZiXuanGu_grail_down_6.jpg 30 250 410 350 0 855 435 1048 478 2 907 492 1051 532 1
DongFangCaiFu_self_down_12.jpg 7 351 362 480 0 846 445 1084 546 2 1213 464 1439 550 1
DongFangCaiFu_self_up_11.jpg 27 343 265 480 0 1225 449 1432 554 1
TongHuaShun_grail_up_3.jpg 23 382 370 515 0 1205 382 1440 488 2 1205 527 1440 609 1
TengXunZiXuanGu_self_up_7.jpg 26 259 275 348 0 860 438 1046 478 2 923 495 1049 532 1
TongHuaShun_self_up_20.jpg 7 375 366 507 0 1221 539 1440 648 1
DaZhiHui_grail_down_2.jpg 26 278 378 368 0 837 284 979 332 1 838 374 967 422 2
XueQiu_self_down_15.jpg 34 252 240 340 0 501 419 612 460 1 501 364 668 409 2
DaZhiHui_self_up_9.jpg 23 274 279 367 0 607 262 752 310 2 605 328 736 381 1
DongFangCaiFu_grail_down_6.jpg 15 336 370 476 0 1205 449 1428 554 1
XueQiu_grail_up_6.jpg 35 400 423 485 0 540 514 689 558 2
TengXunZiXuanGu_grail_up_6.jpg 29 256 403 349 0 830 431 1047 479 2 874 491 1055 532 1
DongFangCaiFu_grail_down_3.jpg 15 336 370 468 0 1201 453 1412 554 1
XueQiu_self_up_9.jpg 33 252 296 344 0 493 418 618 461 1 493 364 656 407 2
DaZhiHui_grail_down_6.jpg 24 277 377 369 0 835 282 978 332 1 835 376 977 421 2
NiuGuWang_self_up_9.jpg 24 238 258 316 0 526 417 706 465 1 634 354 705 403 2
TongHuaShun_self_up_4.jpg 19 382 374 511 0 1229 554 1440 632 1
XueQiu_grail_down_9.jpg 40 248 410 343 0 534 419 677 462 1 533 365 734 405 2
XueQiu_grail_down_7.jpg 40 249 411 344 0 557 418 687 459 1 558 364 721 408 2
DaZhiHui_self_down_3.jpg 21 271 269 370 0 612 264 750 309 2 608 331 737 381 1
TengXunZiXuanGu_grail_down_1.jpg 35 254 405 349 0 861 434 1048 478 2 913 493 1048 534 1
TengXunZiXuanGu_grail_up_1.jpg 31 250 365 349 0 867 431 1052 478 2 910 495 1056 529 1
DongFangCaiFu_grail_up_6.jpg 19 351 378 484 0 846 437 1069 539 1
DaZhiHui_grail_down_10.jpg 24 277 376 359 0 837 285 977 331 1 836 376 975 422 2
DongFangCaiFu_self_down_20.jpg 27 336 370 492 0 846 468 1069 531 2
DongFangCaiFu_self_down_6.jpg 11 355 335 472 0 1205 457 1428 543 1
XueQiu_self_down_5.jpg 35 254 298 341 0 497 419 607 460 1 495 364 634 408 2
DongFangCaiFu_grail_up_8.jpg 27 347 358 468 0 1213 449 1440 558 1
TengXunZiXuanGu_self_down_10.jpg 27 252 290 349 0 846 433 1051 478 2 927 493 1051 530 1
TongHuaShun_self_up_12.jpg 23 382 245 523 0 1205 546 1440 640 1
NiuGuWang_grail_down_3.jpg 24 236 307 318 0 862 358 1056 406 2
TongHuaShun_self_up_3.jpg 30 382 370 523 0 1233 539 1440 624 1
TengXunZiXuanGu_self_up_4.jpg 29 254 286 348 0 897 431 1044 478 2 918 490 1052 527 1
NiuGuWang_self_up_15.jpg 24 317 265 395 0 897 498 1054 541 1 848 433 1055 484 2
XueQiu_grail_flat_1.jpg 34 248 411 342 0 538 429 580 455 1 537 376 579 401 2
DongFangCaiFu_self_down_18.jpg 19 347 331 476 0 850 457 1073 550 2
NiuGuWang_self_down_3.jpg 20 238 254 319 0 627 359 701 403 1
TengXunZiXuanGu_self_down_5.jpg 37 255 229 346 0 859 435 1047 478 2 936 492 1052 532 1
DaZhiHui_grail_up_5.jpg 26 269 383 365 0 835 282 983 332 1 833 371 974 421 2
NiuGuWang_self_down_13.jpg 25 311 256 397 0 914 494 1057 545 1 872 434 1057 484 2
DongFangCaiFu_self_up_2.jpg 27 347 378 468 0 850 433 1080 554 2 1209 476 1428 550 1
TengXunZiXuanGu_self_up_5.jpg 23 253 300 351 0 898 435 1052 478 2 929 490 1048 533 1
XueQiu_grail_down_4.jpg 32 252 408 344 0 530 419 676 459 1 533 365 733 405 2
XueQiu_grail_down_5.jpg 39 252 407 343 0 533 419 677 460 1 530 365 733 405 2
TengXunZiXuanGu_self_up_14.jpg 32 254 253 351 0 871 433 1047 478 2 922 490 1049 532 1
TongHuaShun_self_up_7.jpg 38 375 300 515 0 1197 535 1440 640 1
DongFangCaiFu_self_down_17.jpg 27 336 354 468 0 846 453 1073 546 2
TongHuaShun_self_up_17.jpg 23 375 366 515 0 1225 546 1440 621 1
XueQiu_self_up_3.jpg 37 256 295 339 0 517 419 623 459 1 517 364 654 406 2
XueQiu_self_down_4.jpg 41 251 297 340 0 494 418 622 461 1 494 363 678 409 2
DaZhiHui_self_down_9.jpg 20 267 209 369 0 608 257 752 309 2 606 332 736 377 1
TongHuaShun_grail_up_5.jpg 3 398 370 531 0 1221 394 1440 480 2 1205 515 1440 613 1
NiuGuWang_grail_down_7.jpg 16 232 314 322 0 552 416 703 466 1 561 357 700 403 2
XueQiu_grail_up_2.jpg 32 252 409 340 0 529 418 693 460 1 529 363 672 405 2
DongFangCaiFu_grail_up_4.jpg 27 367 370 457 0 1221 461 1440 546 1
TengXunZiXuanGu_self_up_15.jpg 878 434 1049 475 2 932 489 1055 528 1 28 251 283 345 0
TengXunZiXuanGu_self_up_12.jpg 31 254 278 345 0 878 434 1049 481 2 926 490 1049 531 1
DaZhiHui_self_up_2.jpg 23 275 283 368 0 606 257 735 312 2 607 331 732 381 1
DaZhiHui_grail_up_7.jpg 19 271 381 368 0 833 287 983 332 1 833 374 981 420 2
XueQiu_self_down_12.jpg 41 252 284 344 0 484 419 610 461 1 484 363 669 407 2
DongFangCaiFu_self_up_10.jpg 19 336 284 488 0 1217 468 1439 554 1
NiuGuWang_self_up_4.jpg 21 233 253 316 0 601 417 703 465 1 594 358 703 404 2
DongFangCaiFu_self_up_3.jpg 7 359 358 476 0 831 461 1080 539 2 1213 449 1424 535 2
TongHuaShun_self_up_13.jpg 30 390 241 507 0 1205 539 1440 636 1
XueQiu_grail_up_4.jpg 38 404 421 483 0 534 569 696 610 1
TengXunZiXuanGu_grail_up_8.jpg 36 250 367 349 0 829 424 1053 479 2 894 491 1049 531 1
XueQiu_self_up_2.jpg 34 254 298 341 0 503 418 611 459 1 504 364 666 408 2
TengXunZiXuanGu_self_up_19.jpg 31 253 272 346 0 903 432 1049 479 2 939 491 1053 529 1
NiuGuWang_grail_down_8.jpg 24 231 318 318 0 582 418 709 463 1 547 356 706 405 2
DongFangCaiFu_self_down_15.jpg 19 324 370 480 0 866 468 1084 535 2
TongHuaShun_grail_down_5.jpg 7 367 378 515 0 1190 382 1440 476 2 1197 511 1440 613 1
TongHuaShun_grail_up_8.jpg 15 371 354 503 0 1190 367 1440 480 2 1197 511 1440 617 1
NiuGuWang_grail_down_4.jpg 24 240 347 318 0 576 416 708 465 1 559 353 703 405 2
DongFangCaiFu_self_up_4.jpg 7 351 351 484 0 1229 464 1440 562 1 850 433 1065 550 2
XueQiu_self_up_20.jpg 40 255 295 339 0 480 418 612 460 1 479 363 666 406 2
NiuGuWang_self_up_3.jpg 26 235 259 319 0 631 355 700 406 1
TengXunZiXuanGu_self_down_18.jpg 31 257 287 347 0 868 432 1049 478 2 913 490 1049 532 1
TongHuaShun_self_up_18.jpg 34 386 366 523 0 1229 535 1440 648 1
TengXunZiXuanGu_self_down_11.jpg 39 254 274 347 0 875 438 1050 474 2 936 494 1055 532 1
DaZhiHui_self_up_15.jpg 17 276 225 368 0 607 261 751 306 2 606 332 743 378 1
TengXunZiXuanGu_self_up_1.jpg 32 254 277 350 0 879 436 1045 479 2 934 490 1056 531 1
XueQiu_self_down_7.jpg 40 254 237 342 0 494 420 637 459 1 490 363 610 405 2
DaZhiHui_self_up_10.jpg 22 280 276 372 0 605 259 732 309 2 611 327 732 383 1
NiuGuWang_self_down_18.jpg 23 237 193 318 0 925 418 1058 466 1 890 354 1056 407 2
TengXunZiXuanGu_self_down_3.jpg 35 249 280 350 0 876 430 1048 479 2 930 490 1054 533 1
DaZhiHui_self_down_11.jpg 20 278 270 365 0 607 260 747 307 2 608 334 733 377 1
DaZhiHui_self_down_2.jpg 27 266 281 371 0 604 259 757 307 2 605 330 735 377 1
TengXunZiXuanGu_self_down_19.jpg 38 252 295 349 0 852 437 1051 478 2 931 491 1047 533 1
XueQiu_self_down_3.jpg 34 253 296 342 0 501 419 666 461 1 501 365 638 407 2
DaZhiHui_self_up_17.jpg 20 276 223 369 0 608 261 755 316 2 604 333 733 380 1
DaZhiHui_self_up_11.jpg 18 271 278 372 0 606 261 754 313 2 606 337 740 380 1
NiuGuWang_grail_down_10.jpg 24 230 331 320 0 564 416 708 465 1 554 357 712 401 2
DaZhiHui_grail_down_9.jpg 25 278 378 369 0 835 285 979 330 1 839 377 968 421 2
XueQiu_self_up_10.jpg 40 255 301 343 0 498 422 606 458 1 497 364 635 406 2
NiuGuWang_grail_down_9.jpg 23 230 316 324 0 546 414 703 467 1 520 356 707 402 2
TengXunZiXuanGu_self_up_11.jpg 38 255 269 344 0 852 436 1044 476 2 937 490 1048 531 1
TongHuaShun_self_up_14.jpg 34 371 276 515 0 1221 539 1440 640 1
DongFangCaiFu_self_down_16.jpg 23 347 343 476 0 846 449 1080 546 2
DaZhiHui_self_up_14.jpg 21 280 224 369 0 606 263 753 309 2 607 334 734 378 1
XueQiu_self_down_2.jpg 32 252 297 342 0 492 419 600 460 1 490 362 656 408 2
NiuGuWang_self_down_10.jpg 23 232 247 319 0 589 354 706 405 1
DaZhiHui_self_down_20.jpg 17 272 277 369 0 604 260 739 310 2 608 329 735 380 1
TengXunZiXuanGu_self_down_14.jpg 32 258 299 349 0 864 435 1050 478 2 926 490 1049 529 1
TongHuaShun_self_down_4.jpg 34 386 378 519 0 1244 546 1440 624 1
TengXunZiXuanGu_self_down_9.jpg 31 255 222 352 0 873 434 1047 479 2 929 489 1050 532 1
TengXunZiXuanGu_self_up_13.jpg 30 256 292 346 0 867 433 1058 478 2 914 491 1049 534 1
NiuGuWang_self_down_7.jpg 24 237 211 318 0 521 357 704 405 1
XueQiu_grail_up_1.jpg 34 253 412 342 0 527 419 695 459 1 527 364 674 406 2
XueQiu_self_up_16.jpg 37 257 297 344 0 494 419 602 459 1 493 361 658 409 2
DaZhiHui_grail_up_3.jpg 24 274 377 362 0 835 284 969 327 1 838 371 966 418 2
NiuGuWang_grail_up_5.jpg 21 314 406 397 0 570 433 703 482 1
DongFangCaiFu_self_down_3.jpg 34 320 339 492 0 854 441 1065 554 2
NiuGuWang_self_up_2.jpg 23 235 257 314 0 593 358 703 404 1
NiuGuWang_self_up_20.jpg 23 234 215 318 0 897 417 1053 466 1 883 357 1058 407 2
TengXunZiXuanGu_grail_up_3.jpg 26 248 342 346 0 904 426 1056 478 2 891 492 1055 529 1
TongHuaShun_self_flat_1.jpg 11 363 374 515 0 1229 523 1440 648 1
DongFangCaiFu_self_up_8.jpg 11 336 378 480 0 846 461 1073 550 2 1217 461 1428 554 1
TengXunZiXuanGu_grail_up_10.jpg 33 251 388 353 0 891 433 1048 478 2 885 490 1051 537 1
DongFangCaiFu_self_up_19.jpg 19 359 370 464 0 1201 468 1440 554 1 854 457 1065 539 2
DaZhiHui_grail_down_7.jpg 25 275 378 372 0 834 282 978 331 1 834 375 975 422 2
NiuGuWang_grail_down_5.jpg 20 236 315 323 0 592 417 706 464 1 552 355 706 405 2
TongHuaShun_self_down_7.jpg 34 390 362 507 0 1213 546 1440 624 1
TongHuaShun_self_up_15.jpg 34 359 331 511 0 1213 527 1440 648 1
DongFangCaiFu_grail_up_10.jpg 34 328 362 480 0 862 480 1104 546 1
DaZhiHui_grail_down_8.jpg 22 277 375 369 0 838 285 979 332 1 835 377 977 421 2
XueQiu_self_up_19.jpg 35 256 242 343 0 473 421 602 459 1 474 363 656 406 2
DaZhiHui_self_up_18.jpg 17 279 221 373 0 609 263 754 308 2 608 333 735 380 1
NiuGuWang_self_up_7.jpg 22 235 212 317 0 527 354 703 405 1
TongHuaShun_self_up_19.jpg 30 382 370 507 0 1209 539 1440 644 1
DaZhiHui_self_up_6.jpg 15 268 277 375 0 607 262 752 310 2 605 334 733 378 1
DaZhiHui_grail_up_9.jpg 23 264 377 366 0 835 288 983 333 1 835 375 975 421 2
NiuGuWang_self_down_9.jpg 22 235 259 319 0 596 357 705 402 1
DongFangCaiFu_grail_down_7.jpg 11 351 374 484 0 1190 461 1440 554 1
XueQiu_grail_down_10.jpg 34 253 353 342 0 520 420 647 460 1 521 365 703 407 2
TengXunZiXuanGu_grail_up_2.jpg 36 250 392 346 0 851 427 1047 478 2 904 491 1050 534 1
DaZhiHui_grail_down_1.jpg 25 275 379 370 0 835 285 976 330 1 836 375 966 420 2
TongHuaShun_grail_down_7.jpg 42 382 362 507 0 1197 367 1440 484 2 1205 500 1440 613 1
TongHuaShun_self_down_9.jpg 19 371 370 507 0 1186 539 1440 640 1
XueQiu_grail_up_7.jpg 38 254 409 342 0 528 364 713 406 2 529 419 656 460 1
XueQiu_grail_down_3.jpg 34 250 354 340 0 522 419 667 459 1 521 364 703 405 2
NiuGuWang_self_down_2.jpg 18 234 257 320 0 591 359 704 405 1
NiuGuWang_self_up_1.jpg 22 235 247 322 0 597 355 703 407 1
DongFangCaiFu_self_down_5.jpg 15 340 366 492 0 854 437 1084 550 2
NiuGuWang_self_up_11.jpg 21 312 270 397 0 924 494 1055 542 1 885 433 1056 482 2
TengXunZiXuanGu_self_down_17.jpg 31 257 234 350 0 853 435 1050 477 2 924 491 1049 531 1
TongHuaShun_grail_down_2.jpg 38 390 362 492 0 1209 382 1440 500 2 1205 523 1440 609 1
XueQiu_self_down_20.jpg 31 252 241 341 0 492 419 658 460 1 492 364 630 406 2
DongFangCaiFu_grail_down_8.jpg 23 336 354 484 0 1190 453 1440 546 1
TengXunZiXuanGu_self_down_8.jpg 35 256 232 347 0 874 434 1049 479 2 929 492 1049 535 1
NiuGuWang_grail_up_3.jpg 23 234 369 320 0 527 416 702 466 1 598 354 704 403 2
NiuGuWang_self_up_10.jpg 24 238 254 314 0 527 352 705 403 1
TongHuaShun_grail_up_7.jpg 7 386 370 515 0 1233 375 1440 492 2 1182 492 1440 617 1
DaZhiHui_self_down_18.jpg 21 272 269 365 0 606 258 734 307 2 606 329 741 378 1
TengXunZiXuanGu_self_up_3.jpg 31 249 289 349 0 873 431 1046 478 2 929 492 1046 527 1
TongHuaShun_grail_up_9.jpg 27 382 362 496 0 1225 375 1440 496 2 1182 500 1440 601 1
DongFangCaiFu_self_down_14.jpg 30 351 323 488 0 850 461 1084 554 2
TongHuaShun_self_down_12.jpg 30 367 253 515 0 1221 546 1440 636 1
TengXunZiXuanGu_grail_down_8.jpg 23 250 353 350 0 844 430 1049 478 2 922 490 1049 530 1
DongFangCaiFu_self_up_14.jpg 30 343 358 480 0 1213 457 1432 562 1
XueQiu_self_down_6.jpg 32 252 240 344 0 491 418 658 461 1 491 364 631 406 2
DongFangCaiFu_grail_down_2.jpg 34 351 374 472 0 877 437 1073 570 1 491 441 717 550 2
DaZhiHui_grail_up_10.jpg 19 273 378 364 0 522 282 656 333 1 524 374 647 424 2
DaZhiHui_grail_up_2.jpg 26 270 385 366 0 838 282 982 334 1 834 373 975 422 2
TengXunZiXuanGu_grail_up_5.jpg 31 254 365 345 0 828 430 1047 479 2 880 489 1050 532 1
DaZhiHui_self_up_12.jpg 23 272 275 371 0 604 264 738 312 2 606 332 736 381 1
XueQiu_self_down_14.jpg 35 252 296 344 0 501 418 613 463 1 500 363 667 406 2
DaZhiHui_self_up_20.jpg 25 270 234 369 0 600 259 749 309 2 607 334 736 383 1
DaZhiHui_grail_down_5.jpg 22 278 380 370 0 834 285 978 331 1 837 375 975 423 2
XueQiu_self_up_6.jpg 33 252 296 344 0 504 418 616 460 1 504 363 644 407 2
TengXunZiXuanGu_grail_up_9.jpg 31 256 384 350 0 855 431 1054 478 2 914 489 1051 536 1
TengXunZiXuanGu_grail_up_4.jpg 29 253 356 348 0 835 431 1047 478 2 919 487 1050 535 1
DaZhiHui_self_up_4.jpg 26 276 285 371 0 607 260 731 312 2 609 329 738 381 1
DaZhiHui_self_down_17.jpg 24 275 294 370 0 605 258 734 306 2 606 334 735 377 1
DaZhiHui_grail_up_4.jpg 20 280 377 364 0 833 284 977 333 1 833 374 969 424 2
TongHuaShun_self_up_2.jpg 23 386 378 515 0 1213 554 1440 628 1
XueQiu_self_up_17.jpg 35 255 230 340 0 472 419 587 459 1 472 364 638 407 2
TongHuaShun_self_down_10.jpg 23 367 362 507 0 1186 546 1440 632 1
XueQiu_self_down_11.jpg 35 252 237 340 0 484 418 591 461 1 485 364 667 406 2
DaZhiHui_self_down_12.jpg 27 276 283 367 0 608 264 734 305 2 607 329 734 379 1
TongHuaShun_self_down_6.jpg 11 371 339 531 0 1233 535 1440 648 1
DongFangCaiFu_grail_down_9.jpg 11 308 370 476 0 1197 445 1440 554 1
TongHuaShun_self_down_16.jpg 27 382 339 515 0 1205 527 1440 636 1
NiuGuWang_self_down_11.jpg 24 314 258 394 0 913 498 1058 541 1 850 435 1054 481 2
DongFangCaiFu_self_up_13.jpg 19 332 304 484 0 1221 457 1440 562 1
DaZhiHui_self_down_5.jpg 20 274 231 373 0 608 262 755 305 2 608 328 733 379 1
TengXunZiXuanGu_grail_down_4.jpg 35 254 416 349 0 859 434 1046 478 2 915 490 1049 532 1
XueQiu_self_up_5.jpg 33 252 242 342 0 481 421 592 461 1 482 365 645 407 2
TongHuaShun_self_up_16.jpg 19 375 366 539 0 1229 539 1440 624 1
TengXunZiXuanGu_grail_down_5.jpg 33 243 454 351 0 866 431 1052 478 2 904 490 1048 534 1
TongHuaShun_self_down_19.jpg 15 379 327 527 0 1201 554 1440 628 1
DaZhiHui_self_down_13.jpg 24 271 223 375 0 608 260 751 308 2 611 328 734 380 1
DongFangCaiFu_grail_up_5.jpg 19 332 386 476 0 846 457 1073 554 1
TongHuaShun_self_down_5.jpg 23 379 366 523 0 1221 562 1440 632 1
TongHuaShun_self_down_1.jpg 42 390 374 519 0 1252 554 1440 640 1
DongFangCaiFu_grail_down_4.jpg 30 351 362 488 0 1209 445 1404 543 1
DaZhiHui_self_down_15.jpg 20 276 229 373 0 605 258 754 307 2 609 329 732 381 1
DaZhiHui_self_down_16.jpg 24 277 220 364 0 605 262 750 310 2 608 330 732 378 1
TongHuaShun_grail_down_9.jpg 38 406 358 500 0 1197 375 1440 500 2 1213 507 1440 621 1
DongFangCaiFu_self_up_20.jpg 7 343 382 476 0 1213 453 1432 543 1 858 433 1073 562 2
NiuGuWang_grail_up_1.jpg 27 233 346 322 0 524 420 703 466 1 596 353 708 403 2
NiuGuWang_self_up_17.jpg 26 238 203 314 0 900 421 1054 463 1 864 357 1054 407 2
DongFangCaiFu_grail_down_10.jpg 27 336 362 472 0 1236 461 1440 558 1
DongFangCaiFu_grail_up_3.jpg 19 320 393 457 0 877 464 1080 539 1
XueQiu_self_down_1.jpg 34 252 353 343 0 521 419 629 459 1 519 364 638 405 2
DaZhiHui_self_down_10.jpg 26 273 266 368 0 607 260 753 306 2 605 329 733 379 1
TongHuaShun_grail_down_8.jpg 23 382 374 515 0 1197 386 1440 476 2 1190 515 1440 601 1
NiuGuWang_self_down_1.jpg 21 236 264 316 0 590 355 707 407 1
DongFangCaiFu_self_up_1.jpg 19 324 378 484 0 858 437 1069 558 2 1197 468 1439 562 1
XueQiu_self_down_16.jpg 35 253 295 345 0 493 365 628 409 2 492 419 657 463 1
DaZhiHui_self_down_14.jpg 23 279 256 365 0 607 260 754 306 2 612 332 751 377 1
XueQiu_grail_up_10.jpg 39 253 410 339 0 540 419 669 461 1 540 362 722 407 2
NiuGuWang_grail_up_4.jpg 21 234 315 315 0 546 419 709 467 1 546 356 704 403 2
DaZhiHui_self_down_6.jpg 21 273 268 371 0 606 264 751 309 2 606 328 738 378 1
NiuGuWang_self_down_12.jpg 25 316 260 393 0 925 497 1059 542 1 869 434 1058 483 2
TengXunZiXuanGu_self_down_1.jpg 33 249 295 350 0 870 434 1048 478 2 932 495 1055 533 1
TengXunZiXuanGu_self_down_6.jpg 30 256 294 344 0 880 435 1049 479 2 935 490 1052 536 1
DaZhiHui_self_up_5.jpg 17 272 209 370 0 607 259 754 309 2 606 331 734 381 1
TengXunZiXuanGu_self_down_2.jpg 21 252 282 349 0 867 438 1050 479 2 925 490 1053 532 1
NiuGuWang_self_down_4.jpg 19 237 266 318 0 598 356 704 406 1
NiuGuWang_self_down_20.jpg 25 232 313 320 0 950 419 1054 462 1 887 357 1061 405 2
DongFangCaiFu_self_down_13.jpg 3 316 358 484 0 858 449 1073 554 2 1205 457 1428 554 1
NiuGuWang_grail_down_6.jpg 25 232 367 325 0 545 417 703 465 1 528 355 709 406 2
NiuGuWang_self_down_17.jpg 24 234 317 320 0 947 419 1051 464 1 908 357 1054 406 2
TongHuaShun_grail_down_4.jpg 42 382 370 519 0 1190 386 1440 484 2 1225 492 1440 601 1
DaZhiHui_grail_down_3.jpg 24 275 381 369 0 839 284 976 330 1 840 375 965 421 2
XueQiu_self_up_1.jpg 38 253 296 340 0 481 423 613 457 1 479 364 666 405 2
DongFangCaiFu_self_up_6.jpg 19 343 339 472 0 854 453 1053 546 2
NiuGuWang_self_down_6.jpg 23 236 213 317 0 597 356 705 406 1
XueQiu_self_up_11.jpg 35 253 302 344 0 490 420 657 459 1 494 363 630 406 2
DaZhiHui_self_up_16.jpg 17 276 287 368 0 603 263 757 308 2 605 330 757 377 1
TongHuaShun_grail_down_6.jpg 27 390 370 500 0 1190 382 1440 468 2 1244 515 1440 609 1
DongFangCaiFu_self_down_4.jpg 11 324 284 476 0 854 453 1076 554 2
XueQiu_self_down_8.jpg 37 252 294 343 0 518 419 624 459 1 516 364 653 405 2
DaZhiHui_self_up_13.jpg 23 279 271 369 0 606 263 728 313 2 609 333 734 381 1
TengXunZiXuanGu_self_down_16.jpg 33 254 298 354 0 846 431 1050 478 2 936 490 1048 531 1
XueQiu_self_up_8.jpg 35 254 294 342 0 491 418 601 460 1 495 364 659 406 2
XueQiu_grail_down_8.jpg 42 250 409 344 0 551 417 677 460 1 551 363 730 406 2
TongHuaShun_self_up_5.jpg 34 390 370 511 0 1197 527 1440 640 1
DaZhiHui_self_up_1.jpg 21 270 275 371 0 608 262 757 309 2 607 328 731 382 1
DongFangCaiFu_self_up_15.jpg 11 359 300 484 0 1205 461 1436 554 1
TengXunZiXuanGu_self_up_18.jpg 27 257 241 347 0 873 432 1056 475 2 932 489 1055 526 1
NiuGuWang_self_up_16.jpg 26 314 266 394 0 904 496 1054 542 1 845 435 1053 482 2
NiuGuWang_self_down_14.jpg 22 314 270 398 0 877 495 1054 546 1 845 433 1054 480 2
DongFangCaiFu_grail_up_7.jpg 19 336 370 476 0 874 468 1088 543 1
DaZhiHui_self_up_8.jpg 20 274 265 365 0 604 261 754 308 2 606 332 733 381 1
TongHuaShun_self_up_9.jpg 3 375 323 507 0 1236 527 1440 640 1
DongFangCaiFu_self_down_1.jpg 23 336 386 476 0 1197 461 1440 550 1
